1
2
3
4
5
6
7
8
9
10
12
13
14
15
16
17
18
20
21
22
23
24
25
26
27
28
30
32
33
34
35
36
37
38
39
40
41
43
45
46
47
48
49
50
51
52
53
54
55
56
57
58
59
60
61
62
63
64
65
66
67
69
71
72
73
74
75
76
77
78
79
80
81
82
84
85
87
88
89
90
93
94
95
96
97
98
99
101
103
105
106
107
108
109
110
111
112
114
116
117
118
119
120
121
122
124
125
126
127
128
183
226
232
259
391
631
632
649
664
688
689
699
707
710
712
729
730
731
732
733
740
752
754
755
756
757
758
759
760
770
771
774
780
786
797
805
884
945
953
958
961
962
963
964
972
975
977
979
980
982
983
990
993
1051

11
19
29
31
42
44
68
70
83
86
91
92
100
102
104
113
115
123
129
130
131
132
133
134
135
136
137
138
139
140
141
142
143
144
145
146
147
148
149
150
151
152
153
154
155
156
157
158
159
160
161
162
163
164
165
166
167
168
169
170
171
172
173
174
175
176
177
178
179
180
181
182
184
185
186
187
188
189
190
191
192
193
194
195
196
197
198
199
200
201
202
203
204
205
206
207
208
209
210
211
212
213
214
215
216
217
218
219
220
221
222
223
224
225
227
228
229
230
231
233
234
235
236
237
238
239
242
243
244
246
247
249
251
252
253
256
257
261
262
263
264
265
266
267
268
269
270
271
272
273
274
276
277
278
280
281
282
283
284
285
286
287
288
289
290
291
292
293
294
296
298
299
301
302
303
304
305
307
308
309
310
311
312
313
314
315
316
317
318
319
320
321
322
323
324
325
326
327
328
329
330
331
332
333
334
335
336
337
338
340
341
342
343
344
345
346
348
349
351
352
354
355
356
357
358
359
360
361
362
363
364
365
366
367
368
369
370
371
372
373
374
375
376
377
378
379
380
381
382
383
384
385
386
387
388
389
390
392
393
394
395
396
397
398
399
400
401
402
403
404
405
407
408
409
410
411
412
414
415
416
417
418
419
420
421
422
423
424
425
426
427
428
429
430
431
432
433
434
435
436
437
439
440
441
443
444
445
446
447
448
449
450
451
452
453
455
456
457
458
459
460
461
462
463
464
465
466
467
468
469
470
471
473
474
475
476
477
478
479
480
482
483
484
485
486
488
489
490
492
494
497
505
507
508
510
511
512
513
518
519
520
521
522
523
524
525
526
527
528
529
530
531
532
533
534
536
537
538
539
540
541
543
544
545
546
547
548
549
550
551
552
553
554
555
556
557
558
559
560
561
562
563
564
565
566
567
568
569
570
572
577
579
580
585
587
590
591
592
593
594
595
596
597
617
618
620
623
624
625
627
628
630
634
635
638
641
642
645
647
648
650
651
653
654
655
656
657
658
659
660
661
662
663
665
666
667
668
669
670
671
672
673
674
675
676
677
678
679
680
681
682
683
684
685
686
690
691
692
693
694
695
696
697
698
700
701
702
703
704
705
706
708
709
711
713
714
716
717
718
719
720
721
722
723
724
725
726
727
728
734
735
738
742
744
745
746
747
750
761
762
763
764
765
766
767
768
769
772
773
775
776
777
778
779
782
783
784
785
787
788
789
790
791
793
795
800
802
803
804
806
807
808
811
814
816
836
852
855
856
863
865
869
875
883
892
899
900
901
902
903
904
906
908
909
913
914
916
917
918
919
920
921
922
924
925
926
927
928
929
930
933
936
938
940
946
947
949
950
951
952
965
966
967
974
984
986
989
992
994
1000
1008
1015
1016
1017
1022
1025
1027
1031
1049
1061
1064
1065
1067
1070
1073
1074
1079
1095

240
241
245
248
250
254
255
258
260
275
279
295
297
300
306
339
347
350
353
406
413
438
442
454
472
481
487
491
493
495
496
498
499
500
501
502
503
504
506
509
514
515
516
517
652
715
749
753
809

535
542
571
573
574
575
576
578
581
582
583
584
586
588
589
598
599
600
601
602
603
604
605
606
607
608
609
610
611
612
613
614
615
616
619
621
622
626
629
633
636
637
639
640
643
644
687
736
737
739
741
743
748
792
796
827
854
860
1034
1036
1076

646
751
781
794
798
799
801
812
815
823
831
839
840
841
842
845
846
848
849
853
861
877
880
885
886
887
888
890
894
895
896
897
898
907
910
911
912
915
923
931
932
934
935
937
939
941
942
948
954
955
956
957
959
960
968
969
970
971
973
976
978
981
985
987
991
996
997
1001
1002
1004
1010
1018
1021
1024
1026
1029
1032
1044
1050
1057
1059
1060

810
871

813
817
818
819
820
821
822
824
825
826
828
829
830
832
833
834
835
837
838
843
844
847
850
851
857
858
859
862
864
866
867
868
870
872
873
874
876
878
879
881
882
889
891
893
905
943
944
988
995
998
999
1003
1005
1006
1007
1009
1011
1012
1013
1014
1019
1020
1023
1028
1030
1033
1035
1037
1038
1039
1040
1041
1042
1043
1046
1047
1048
1052
1053
1054
1055
1056
1058
1062
1063
1066
1069
1071
1072
1075
1077
1078
1080
1081
1082
1083
1084
1085
1087
1088
1089
1090
1091
1092
1094

1045
1068
1086
1093

