0
1
2
3
4
5
6
7
8
9
11
12
13
14
15
16
17
19
20
21
22
23
24
25
26
27
29
31
32
33
34
35
36
37
38
39
40
41
42
44
45
46
47
48
49
50
51
52
53
54
55
56
57
58
59
60
61
62
63
64
65
66
67
68
70
71
72
73
74
75
76
77
78
79
80
81
83
84
86
87
88
89
90
92
93
94
95
96
97
98
100
102
103
104
105
106
107
108
109
110
111
113
115
116
117
118
119
121
122
123
124
125
126
127
128
148
182
188
225
231
242
243
255
258
270
273
362
390
392
393
415
419
425
427
429
438
439
440
472
482
484
489
491
504
506
507
511
518
519
522
525
526
528
529
530
531
535
536
537
538
539
540
543
544
545
546
547
549
552
553
554
555
556
557
558
562
563
564
565
566
567
568
569
571
576
578
579
586
589
591
592
593
594
595
626
630
631
640
648
663
688
698
706
711
717
720
724
728
737
744
757
882
916
917
919
920
921
923
928
939
979
985
1024
1026
1030
1052
1053
1060
1067
1069
1070
1071
1072

10
18
28
112
114
168
277
300
315
316
320
323
324
337
340
356
368
371
376
380
382
383
385
387
388
395
399
401
404
418
421
422
424
428
430
434
443
450
459
463
466
467
475
476
478
481
488
493
523
542
624
809
810

30
43
69
82
85
91
99
101
261
295
303
304
307
308
311
314
319
325
326
327
330
333
336
339
343
344
350
354
355
357
359
361
364
369
370
374
375
379
381
391
396
400
402
403
407
417
420
423
435
442
444
449
465
479
512
527
532
533
590
596
623
637
641
644
646
647
650
652
653
656
657
658
659
660
661
662
664
666
667
668
669
670
672
673
674
675
676
677
680
681
683
684
687
689
690
694
695
696
697
700
702
709
712
715
733
771
772
775
776
781
792
862
871
880
902
915
924
925
927
929
937
983
1063
1066
1094

175
410

178
770
773
779
785
796
801
802
803
870
874
946
957
962
964
966
971
973
974
976
978
981
982

239
240
244
247
249
253
254
257
259
274
278
294
296
299
305
338
345
346
349
352
405
412
437
441
453
471
480
486
490
492
494
495
496
497
498
499
500
501
502
503
505
508
513
514
515
516
651
714
748
752
808
815
1021

470
825
831
837
858
863
866
867
875
878
942
943
987
1027
1045
1062
1065
1068
1077
1079
1080
1082
1085
1089

120
129
130
131
132
133
134
135
136
137
138
139
140
141
142
143
144
145
146
147
149
150
151
152
153
154
155
156
157
158
159
160
161
162
163
164
165
166
167
169
170
171
172
173
174
176
177
179
180
181
183
184
185
186
187
189
190
191
192
193
194
195
196
197
198
199
200
201
202
203
204
205
206
207
208
209
210
211
212
213
214
215
216
217
218
219
220
221
222
223
224
226
227
228
229
230
232
233
234
235
236
237
238
241
245
246
248
250
251
252
256
260
262
263
264
265
266
267
268
269
271
272
275
276
279
280
281
282
283
284
285
286
287
288
289
290
291
292
293
297
298
301
302
306
309
310
312
313
317
318
321
322
328
329
331
332
334
335
341
342
347
348
351
353
358
360
363
365
366
367
372
373
377
378
384
386
389
394
397
398
406
408
409
411
413
414
416
426
431
432
433
436
445
446
447
448
451
452
454
455
456
457
458
460
461
462
464
468
469
473
474
477
483
485
487
509
510
517
520
521
524
534
541
548
550
551
559
560
561
570
572
573
574
575
577
580
581
582
583
584
585
587
588
597
598
599
600
601
602
603
604
605
606
607
608
609
610
611
612
613
614
615
616
617
618
619
620
621
622
625
627
628
629
632
633
634
635
636
638
639
642
643
645
649
654
665
671
678
685
686
691
692
693
699
701
703
704
705
707
708
710
713
716
718
721
722
723
725
726
727
729
730
731
732
734
735
736
738
739
740
741
742
743
745
746
747
749
750
751
753
754
755
756
758
759
760
761
762
763
764
765
766
767
768
769
774
777
778
780
782
783
784
786
787
788
789
790
791
793
794
795
797
798
799
800
804
805
806
807
811
814
822
826
830
838
839
840
841
844
845
847
848
851
852
853
854
855
859
860
864
868
876
879
883
884
885
886
887
889
891
893
894
895
896
897
898
900
901
903
905
906
909
910
911
914
922
930
931
933
934
936
938
940
944
947
948
951
952
953
954
955
956
958
959
960
961
963
967
968
969
970
972
975
977
980
984
986
989
990
992
995
996
1001
1009
1017
1020
1023
1025
1028
1031
1033
1035
1043
1049
1050
1056
1058
1059
1075
1078

655

679
682
719
813
835
899
907
912
913
918
926
932
935
945
949
950
965
988
991
993
999
1007
1016
1048
1064
1073

812
816
817
818
819
820
821
823
824
827
828
829
832
833
834
836
842
843
846
849
850
856
857
861
865
869
872
873
877
881
888
890
892
904
908
994
997
998
1002
1004
1005
1006
1008
1010
1011
1012
1013
1018
1019
1022
1029
1032
1034
1036
1037
1038
1039
1040
1041
1042
1044
1046
1047
1051
1054
1055
1057
1061
1083
1084
1086
1087
1088
1090
1091
1092

941
1000
1003

1014
1015
1074
1076
1081
1093

